0.	1.115554776992321
0.4	0.7669762556562627
0.8	0.4975618992946474
1.20	0.35674215972514145
1.6	0.2484915991950414
2.	0.16695815643180095
2.4	0.11984453776405624
2.8	0.06915148456552436
3.2	0.0589942799333482
3.6	0.03448401916047173
4.	0.03067744550006084
4.4	0.009592943953551083
4.8	0.015166378232311168
5.2	-0.011267065759806252
5.6	0.01738551078382392
6.	0.007935059223238845
6.4	0.01657965722642902
6.8	0.0012981181895742227
7.2	-0.009996885817204305
7.6	0.0042868164672894395
8.	0.003089889902591546
